
Euler

+-----+-------+------------+---------------------+
|  X  |   Y   | Accurate Y |      Runge eps      |
+-----+-------+------------+---------------------+
|  0  |   1   |    1.0     |         0.0         |
| 0.1 |  1.17 |   1.185    |  0.0774999999999999 |
| 0.2 | 1.308 |   1.337    | 0.13104224304843148 |
| 0.3 | 1.413 |   1.455    | 0.15892155580910772 |
| 0.4 | 1.482 |   1.535    | 0.15913193006423598 |
| 0.5 | 1.512 |   1.575    | 0.12923414665020605 |
| 0.6 |  1.5  |   1.568    | 0.06610859979592787 |
| 0.7 | 1.441 |   1.511    | 0.03447852643972493 |
| 0.8 |  1.33 |   1.393    |  0.1786384806582224 |
| 0.9 | 1.155 |   1.201    | 0.37574799011737725 |
| 1.0 | 0.902 |   0.913    |  0.6411155173968406 |
+-----+-------+------------+---------------------+

Runge-Kutta

+-----+-------+------------+-----------------------+
|  X  |   Y   | Accurate Y |       Runge eps       |
+-----+-------+------------+-----------------------+
|  0  |   1   |    1.0     |          0.0          |
| 0.1 | 1.185 |   1.185    |  0.005896412161126507 |
| 0.2 | 1.337 |   1.337    |  0.010165200319027907 |
| 0.3 | 1.455 |   1.455    |  0.01265994548015567  |
| 0.4 | 1.535 |   1.535    |  0.013208071068462897 |
| 0.5 | 1.575 |   1.575    |  0.011598342280933609 |
| 0.6 | 1.568 |   1.568    |  0.007557864958379564 |
| 0.7 | 1.511 |   1.511    | 0.0007109101859945917 |
| 0.8 | 1.393 |   1.393    |  0.009496333023338025 |
| 0.9 | 1.201 |   1.201    |  0.023940120130651308 |
| 1.0 | 0.913 |   0.913    |  0.04411689079578318  |
+-----+-------+------------+-----------------------+

Adams

+-----+-------+------------+-----------------------+
|  X  |   Y   | Accurate Y |       Runge eps       |
+-----+-------+------------+-----------------------+
|  0  |   1   |    1.0     |          0.0          |
| 0.1 | 1.185 |   1.185    | 0.000092200143751793  |
| 0.2 | 1.337 |   1.337    | 0.000016754232436566  |
| 0.3 | 1.455 |   1.455    | 0.000022398707164023  |
| 0.4 | 1.535 |   1.535    | 0.0005511180574619819 |
| 0.5 | 1.575 |   1.575    | 0.0010296059730896681 |
| 0.6 | 1.569 |   1.568    |  0.004965602566728266 |
| 0.7 | 1.512 |   1.511    |  0.011698703008940603 |
| 0.8 | 1.395 |   1.393    |  0.02168098061857721  |
| 0.9 | 1.205 |   1.201    |  0.035770399280130594 |
| 1.0 | 0.921 |   0.913    |  0.055354181850205623 |
+-----+-------+------------+-----------------------+
