
Euler

+------+-------+------------+----------------------+
|  X   |   Y   | Accurate Y |      Runge eps       |
+------+-------+------------+----------------------+
|  0   |   1   |    1.0     |         0.0          |
| 0.05 | 1.092 |   1.096    | 0.04437500000000005  |
| 0.1  | 1.177 |   1.185    | 0.08292420139178791  |
| 0.15 | 1.254 |   1.265    | 0.11543066313750217  |
| 0.2  | 1.323 |   1.337    | 0.14166080258581948  |
| 0.25 | 1.383 |   1.401    | 0.16136287510702063  |
| 0.3  | 1.434 |   1.455    | 0.17426431844565848  |
| 0.35 | 1.476 |    1.5     | 0.18006777817495156  |
| 0.4  | 1.508 |   1.535    | 0.17844554351241126  |
| 0.45 | 1.531 |    1.56    | 0.16903200830551124  |
| 0.5  | 1.543 |   1.575    | 0.15141361633261807  |
| 0.55 | 1.544 |   1.577    | 0.12511553260199082  |
| 0.6  | 1.534 |   1.568    | 0.08958397170313082  |
| 0.65 | 1.511 |   1.546    | 0.044162661542521464 |
| 0.7  | 1.476 |   1.511    | 0.011938752050938417 |
| 0.75 | 1.426 |    1.46    | 0.07968757462377596  |
| 0.8  | 1.361 |   1.393    |  0.1602870014098281  |
| 0.85 |  1.28 |   1.307    |  0.255258424861744   |
| 0.9  | 1.179 |   1.201    | 0.36655848494918875  |
| 0.95 | 1.057 |   1.071    | 0.49674904952203147  |
| 1.0  | 0.909 |   0.913    |  0.6492500788971739  |
+------+-------+------------+----------------------+

Runge-Kutta

+------+-------+------------+-----------------------+
|  X   |   Y   | Accurate Y |       Runge eps       |
+------+-------+------------+-----------------------+
|  0   |   1   |    1.0     |          0.0          |
| 0.05 | 1.096 |   1.096    |  0.003143353218716527 |
| 0.1  | 1.185 |   1.185    |  0.005896444318420934 |
| 0.15 | 1.265 |   1.265    |  0.008242933607777761 |
| 0.2  | 1.337 |   1.337    |  0.010165246404276384 |
| 0.25 | 1.401 |   1.401    |  0.01164443986770382  |
| 0.3  | 1.455 |   1.455    |  0.012659986304797055 |
| 0.35 |  1.5  |    1.5     |  0.013189457288644164 |
| 0.4  | 1.535 |   1.535    |  0.01320808593561531  |
| 0.45 |  1.56 |    1.56    |  0.012688175255686456 |
| 0.5  | 1.575 |   1.575    |  0.011598307406644597 |
| 0.55 | 1.577 |   1.577    |  0.009902290069354065 |
| 0.6  | 1.568 |   1.568    |  0.00755774911175342  |
| 0.65 | 1.546 |   1.546    | 0.0045142365937828575 |
| 0.7  | 1.511 |   1.511    | 0.0007106624422587545 |
| 0.75 |  1.46 |    1.46    |  0.003928235791790158 |
| 0.8  | 1.393 |   1.393    |  0.009496819348450043 |
| 0.85 | 1.307 |   1.307    |  0.016115546520281222 |
| 0.9  | 1.201 |   1.201    |  0.023941121747950673 |
| 0.95 | 1.071 |   1.071    |  0.033181570138590084 |
| 1.0  | 0.913 |   0.913    |  0.04411925586591706  |
+------+-------+------------+-----------------------+

Adams

+------+-------+------------+-----------------------+
|  X   |   Y   | Accurate Y |       Runge eps       |
+------+-------+------------+-----------------------+
|  0   |   1   |    1.0     |          0.0          |
| 0.05 | 1.096 |   1.096    |          0.0          |
| 0.1  | 1.185 |   1.185    |          0.0          |
| 0.15 | 1.265 |   1.265    |          0.0          |
| 0.2  | 1.337 |   1.337    | 0.0019223463710413096 |
| 0.25 | 1.401 |   1.401    | 0.0034119587866470774 |
| 0.3  | 1.455 |   1.455    | 0.0044378799348321635 |
| 0.35 |  1.5  |    1.5     |  0.004985826901101313 |
| 0.4  | 1.535 |   1.535    |  0.005028621679543462 |
| 0.45 |  1.56 |    1.56    |  0.00453998662381454  |
| 0.5  | 1.575 |   1.575    | 0.0034888611099607686 |
| 0.55 | 1.577 |   1.577    | 0.0018396638941841736 |
| 0.6  | 1.568 |   1.568    | 0.0004492361981115837 |
| 0.65 | 1.546 |   1.546    |  0.003427517044591048 |
| 0.7  | 1.511 |   1.511    |  0.007155380481763348 |
| 0.75 |  1.46 |    1.46    |  0.011707056281451234 |
| 0.8  | 1.393 |   1.393    |  0.017175664359139288 |
| 0.85 | 1.308 |   1.307    |   0.0236801076961689  |
| 0.9  | 1.202 |   1.201    |  0.031375043117111694 |
| 0.95 | 1.072 |   1.071    |  0.04046563458983745  |
| 1.0  | 0.914 |   0.913    |  0.05122996756311697  |
+------+-------+------------+-----------------------+
