My solve:
[ 198.33088 -146.76795   57.68573  -98.01353  164.15728  165.17331
  313.21004 -226.17039 -297.20269 -310.82104    3.77281  130.56864
  193.17172  122.35008 -100.74271  183.21147  249.72836  267.4262
   -5.62365  -18.26206   81.72981  -90.08482 -178.70944  363.72548
  212.06589  311.57385  192.40839   77.38552  282.35758   16.60134
 -485.40336 -225.46907   89.10699  147.57539 -323.10822 -505.52239
  -13.88712  355.16045  124.87772 -218.70394 -299.63134 -333.91215
   66.71065  -16.84184    4.62252   94.83513   31.63363 -258.85367
   62.7505     2.65138 -123.32549  137.9486   112.04864   22.93477
  230.0645  -100.37796 -258.03824  203.65585 -219.37247   44.03448
 -228.08364   91.64024  111.1115   -62.32654  -41.56438   37.35577
  263.11507 -277.8237    81.8031   193.34794   58.59936   -9.2327
 -175.73378  195.50382  -13.31165   30.16521  -16.97554 -311.82598
  -67.55233  -87.44583  -55.18988   47.06599 -153.01913   60.66238
 -153.31646  137.09411  292.26474 -344.43574  156.16856  199.12467
 -133.35056 -196.33204  186.67059 -170.18882 -143.13701 -145.50834
  -91.33413  195.47345 -189.79851   79.02276]
EPS = 0.01
Shape = 100
Count of iterations = 1
Mean = -1.8889739760585342

NumPy solve:
[ 198.33088 -146.76795   57.68573  -98.01353  164.15728  165.17331
  313.21004 -226.17039 -297.20269 -310.82104    3.77281  130.56864
  193.17172  122.35008 -100.74271  183.21147  249.72836  267.4262
   -5.62365  -18.26206   81.72981  -90.08482 -178.70944  363.72548
  212.06589  311.57385  192.40839   77.38552  282.35758   16.60134
 -485.40336 -225.46907   89.10699  147.57539 -323.10822 -505.52239
  -13.88712  355.16045  124.87772 -218.70394 -299.63134 -333.91215
   66.71065  -16.84184    4.62252   94.83513   31.63363 -258.85367
   62.7505     2.65138 -123.32549  137.9486   112.04864   22.93477
  230.0645  -100.37796 -258.03824  203.65585 -219.37247   44.03448
 -228.08364   91.64024  111.1115   -62.32654  -41.56438   37.35577
  263.11507 -277.8237    81.8031   193.34794   58.59936   -9.2327
 -175.73378  195.50382  -13.31165   30.16521  -16.97554 -311.82598
  -67.55233  -87.44583  -55.18988   47.06599 -153.01913   60.66238
 -153.31646  137.09411  292.26474 -344.43574  156.16856  199.12467
 -133.35056 -196.33204  186.67059 -170.18882 -143.13701 -145.50834
  -91.33413  195.47345 -189.79851   79.02276]
Mean = -1.8889739760583257
