16
0.0 0.0 0.316 0.0 0.0 0.0 0.0 0.871 0.0 0.0 0.781 0.451 0.371 0.0 0.0 0.0 
0.0 0.0 0.0 0.0 0.0 0.0 0.0 0.0 0.0 0.0 0.0 0.649 0.0 0.491 0.0 0.282 
0.315 0.0 0.0 0.915 0.0 0.0 0.88 0.0 0.0 0.385 0.067 0.0 0.073 0.729 0.0 0.412 
0.0 0.027 0.0 0.0 0.0 0.0 0.263 0.0 0.37 0.0 0.0 0.0 0.593 0.231 0.193 0.203 
0.532 0.0 0.0 0.0 0.828 0.506 0.871 0.454 0.243 0.316 0.974 0.0 0.0 0.0 0.0 0.28 
0.0 0.0 0.759 0.0 0.0 0.0 0.794 0.689 0.052 0.3 0.779 0.963 0.0 0.438 0.21 0.408 
0.195 0.162 0.0 0.0 0.0 0.0 0.0 0.0 0.0 0.465 0.263 0.0 0.0 0.0 0.0 0.0 
0.0 0.244 0.0 0.313 0.0 0.0 0.0 0.0 0.0 0.0 0.0 0.0 0.0 0.528 0.0 0.0 
0.0 0.0 0.0 0.363 0.0 0.391 0.0 0.0 0.151 0.0 0.0 0.0 0.394 0.396 0.0 0.0 
0.0 0.0 0.296 0.522 0.0 0.795 0.0 0.078 0.311 0.902 0.975 0.248 0.0 0.092 0.0 0.167 
0.365 0.061 0.0 0.0 0.409 0.0 0.0 0.0 0.439 0.0 0.361 0.0 0.418 0.122 0.0 0.0 
0.0 0.553 0.0 0.79 0.587 0.0 0.115 0.863 0.886 0.513 0.007 0.124 0.0 0.357 0.069 0.0 
0.0 0.0 0.0 0.0 0.0 0.0 0.0 0.0 0.0 0.0 0.196 0.15 0.496 0.0 0.0 0.423 
0.0 0.0 0.0 0.887 0.0 0.0 0.386 0.0 0.0 0.0 0.243 0.0 0.0 0.0 0.0 0.387 
0.725 0.93 0.934 0.0 0.0 0.876 0.71 0.0 0.604 0.0 0.0 0.0 0.0 0.0 0.0 0.0 
0.061 0.148 0.0 0.0 0.0 0.0 0.0 0.0 0.743 0.0 0.641 0.818 0.01 0.0 0.0 0.0 
48 6 32 41 11 52 15 17 19 37 18 36 36 36 45 34 
